y,White,Milk,Dark,Filled
Canada,0.0,19.1,29.5,51.4
Greece,0.0,39.6,21.2,39.2
Turkey,0.2,20.7,18.0,61.0
China,0.2,25.0,34.7,40.1
Chile,0.2,17.6,6.1,76.1
Egypt,0.4,72.1,1.4,26.1
Denmark,0.5,43.5,14.4,41.7
Sweden,0.5,30.0,13.7,55.9
Norway,0.5,36.5,9.0,54.1
Hong Kong,0.6,23.9,11.9,63.5
Indonesia,0.8,15.0,3.2,81.1
France,0.9,42.8,19.4,36.9
Czech Rep.,0.9,38.1,29.1,32.0
Slovakia,1.3,39.3,19.8,39.6
Singapore,1.4,27.0,11.7,59.9
Malaysia,1.4,21.8,5.2,71.6
Austria,1.4,27.3,24.1,47.3
Israel,1.8,21.6,52.3,24.3
Morocco,2.5,27.0,25.5,45.0
Bulgaria,2.3,50.9,9.5,37.4
Taiwan,2.3,33.6,19.1,45.0
Finland,2.9,43.5,9.7,43.9
Spain,2.7,27.9,21.6,47.7
Thailand,2.7,31.3,6.1,59.9
Japan,2.7,60.4,17.1,19.8
Russia,2.7,14.0,12.6,70.7
India,2.7,59.5,6.8,31.1
Switzerland,2.7,52.5,30.0,14.9
Romania,3.4,25.7,9.2,61.7
Ireland,3.6,67.8,7.0,21.6
Ukraine,4.3,38.5,32.9,24.3
Philippines,4.1,36.3,24.1,35.6
Portugal,4.1,54.3,37.6,4.1
Italy,4.7,26.4,23.4,45.5
USA,4.7,35.8,19.4,40.1
Germany,4.5,35.6,18.9,41.0
Australia,4.5,39.6,19.4,36.5
UK,5.6,57.9,11.3,25.2
Hungary,6.1,50.2,18.5,25.2
South Korea,6.1,74.5,12.2,7.2
Peru,6.1,72.7,16.2,5.0
Saudi Arabia,6.1,30.0,27.7,36.3
Poland,5.9,43.2,20.3,30.6
Argentina,7.0,52.5,2.3,38.3
Colombia,7.4,67.1,14.2,11.3
UAE,7.2,61.7,28.4,2.7
Belgium,8.3,51.1,38.3,2.3
Venezuela,8.1,75.7,4.7,11.5
Vietnam,8.8,40.8,26.4,24.1
New Zealand,9.2,33.1,23.0,34.7
Mexico,10.1,44.8,18.9,26.1
South Africa,12.8,40.8,15.8,30.6
Netherlands,14.2,26.8,30.2,28.8
Brazil,14.6,63.7,9.0,12.6
